0 , 32767, 5000, -256, -39
20000 , 32767, 5000, 37, 5
40000 , 32767, 5000, 37, 5
60000 , 32767, 5000, 37, 5
80000 , 32767, 5000, -256, -39
100000 , 32767, 5000, -256, -39
120000 , 32767, 5000, 37, 5
140000 , 32767, 5000, -256, -39
160000 , 32767, 5000, 37, 5
180000 , 32767, 5000, 37, 5
200000 , 32767, 5000, 37, 5
220000 , 32767, 5000, 37, 5
240000 , 32767, 5000, 37, 5
260000 , 32767, 5000, 37, 5
280000 , 32767, 5000, -256, -39
300000 , 32767, 5000, 37, 5
320000 , 32767, 5000, 37, 5
340000 , 32767, 5000, -256, -39
360000 , 32767, 5000, -256, -39
380000 , 32767, 5000, 37, 5
400000 , 32767, 5000, 37, 5
420000 , 32767, 5000, 37, 5
440000 , 32767, 5000, -256, -39
460000 , 32767, 5000, -256, -39
480000 , 32767, 5000, 37, 5
500000 , 32767, 5000, 37, 5
520000 , 32767, 5000, 37, 5
540000 , 32767, 5000, -256, -39
560000 , 32767, 5000, 37, 5
580000 , 32767, 5000, 37, 5
600000 , 32767, 5000, 37, 5
620000 , 32767, 5000, -256, -39
640000 , 32767, 5000, 37, 5
660000 , 32767, 5000, 37, 5
680000 , 32767, 5000, 37, 5
700000 , 32767, 5000, 37, 5
720000 , 32767, 5000, 37, 5
740000 , 32767, 5000, 37, 5
760000 , 32767, 5000, -256, -39
780000 , 32767, 5000, 37, 5
800000 , 32767, 5000, 37, 5
820000 , 32767, 5000, -256, -39
840000 , 32767, 5000, 37, 5
860000 , 32767, 5000, -256, -39
880000 , 32767, 5000, 37, 5
900000 , 32767, 5000, 37, 5
920000 , 32767, 5000, 37, 5
940000 , 32767, 5000, 37, 5
960000 , 32767, 5000, 37, 5
980000 , 32767, 5000, 37, 5
1000000 , 32767, 5000, 37, 5
1020000 , 32767, 5000, 37, 5
1040000 , 32767, 5000, 37, 5
1060000 , 32767, 5000, 37, 5
1080000 , 32767, 5000, 37, 5
1100000 , 32767, 5000, 37, 5
1120000 , 32767, 5000, 37, 5
1140000 , 32767, 5000, 37, 5
1160000 , 32767, 5000, 37, 5
1180000 , 32767, 5000, 37, 5
1200000 , 32767, 5000, 37, 5
1220000 , 32767, 5000, -256, -39
1240000 , 32767, 5000, 37, 5
1260000 , 32767, 5000, -256, -39
1280000 , 32767, 5000, -256, -39
1300000 , 32767, 5000, 37, 5
1320000 , 32767, 5000, 37, 5
1340000 , 32767, 5000, 37, 5
1360000 , 32767, 5000, 37, 5
1380000 , 32767, 5000, 37, 5
1400000 , 32767, 5000, -256, -39
1420000 , 32767, 5000, 37, 5
1440000 , 32767, 5000, -256, -39
1460000 , 32767, 5000, 37, 5
1480000 , 32767, 5000, 37, 5
1500000 , 32767, 5000, 37, 5
1520000 , 32767, 5000, 37, 5
1540000 , 32767, 5000, -256, -39
1560000 , 32767, 5000, 37, 5
1580000 , 32767, 5000, 37, 5
1600000 , 32767, 5000, -256, -39
1620000 , 32767, 5000, -256, -39
1640000 , 32767, 5000, 37, 5
1660000 , 32767, 5000, 37, 5
1680000 , 32767, 5000, 37, 5
1700000 , 32767, 5000, 37, 5
1720000 , 32767, 5000, 37, 5
1740000 , 32767, 5000, 37, 5
1760000 , 32767, 5000, 37, 5
1780000 , 32767, 5000, 37, 5
1800000 , 32767, 5000, 37, 5
1820000 , 32767, 5000, 37, 5
1840000 , 32767, 5000, 37, 5
1860000 , 32767, 5000, 37, 5
1880000 , 32767, 5000, 37, 5
1900000 , 32767, 5000, 37, 5
1920000 , 32767, 5000, 37, 5
1940000 , 32767, 5000, 37, 5
1960000 , 32767, 5000, 37, 5
1980000 , 32767, 5000, 37, 5
2000000 , 32767, 5000, 37, 5
2020000 , 32767, 5000, 37, 5
2040000 , 32767, 5000, -256, -39
2060000 , 32767, 5000, 37, 5
2080000 , 32767, 5000, -256, -39
2100000 , 32767, 5000, 37, 5
2120000 , 32767, 5000, 37, 5
2140000 , 32767, 5000, -256, -39
2160000 , 32767, 5000, -256, -39
2180000 , 32767, 5000, 37, 5
2200000 , 32767, 5000, 37, 5
2220000 , 32767, 5000, 37, 5
2240000 , 32767, 5000, 37, 5
2260000 , 32767, 5000, 37, 5
2280000 , 32767, 5000, 37, 5
2300000 , 32767, 5000, -256, -39
2320000 , 32767, 5000, 37, 5
2340000 , 32767, 5000, 37, 5
2360000 , 32767, 5000, 37, 5
2380000 , 32767, 5000, 37, 5
2400000 , 32767, 5000, 37, 5
2420000 , 32767, 5000, 37, 5
2440000 , 32767, 5000, -256, -39
2460000 , 32767, 5000, 37, 5
2480000 , 32767, 5000, 37, 5
2500000 , 32767, 5000, -256, -39
2520000 , 32767, 5000, 37, 5
2540000 , 32767, 5000, 37, 5
2560000 , 32767, 5000, 37, 5
2580000 , 32767, 5000, -256, -39
2600000 , 32767, 5000, 37, 5
2620000 , 32767, 5000, 37, 5
2640000 , 32767, 5000, 37, 5
2660000 , 32767, 5000, 37, 5
2680000 , 32767, 5000, 37, 5
2700000 , 32767, 5000, 37, 5
2720000 , 32767, 5000, 37, 5
2740000 , 32767, 5000, -256, -39
2760000 , 32767, 5000, 37, 5
2780000 , 32767, 5000, 37, 5
2800000 , 32767, 5000, 37, 5
2820000 , 32767, 5000, 37, 5
2840000 , 32767, 5000, 37, 5
2860000 , 32767, 5000, 37, 5
2880000 , 32767, 5000, 37, 5
2900000 , 32767, 5000, -256, -39
2920000 , 32767, 5000, -256, -39
2940000 , 32767, 5000, 37, 5
2960000 , 32767, 5000, -256, -39
2980000 , 32767, 5000, -256, -39
3000000 , 32767, 5000, 37, 5
3020000 , 32767, 5000, 37, 5
3040000 , 32767, 5000, 37, 5
3060000 , 32767, 5000, 37, 5
3080000 , 32767, 5000, -256, -39
3100000 , 32767, 5000, -256, -39
3120000 , 32767, 5000, 37, 5
3140000 , 32767, 5000, 37, 5
3160000 , 32767, 5000, 37, 5
3180000 , 32767, 5000, 37, 5
3200000 , 32767, 5000, 37, 5
3220000 , 32767, 5000, 37, 5
3240000 , 32767, 5000, -256, -39
3260000 , 32767, 5000, 37, 5
3280000 , 32767, 5000, 37, 5
3300000 , 32767, 5000, 37, 5
3320000 , 32767, 5000, 37, 5
3340000 , 32767, 5000, 37, 5
3360000 , 32767, 5000, 37, 5
3380000 , 32767, 5000, 37, 5
3400000 , 32767, 5000, -256, -39
3420000 , 32767, 5000, 37, 5
3440000 , 32767, 5000, 37, 5
3460000 , 32767, 5000, -256, -39
3480000 , 32767, 5000, -256, -39
3500000 , 32767, 5000, -256, -39
3520000 , 32767, 5000, 37, 5
3540000 , 32767, 5000, 37, 5
3560000 , 32767, 5000, 37, 5
3580000 , 32767, 5000, 37, 5
3600000 , 32767, 5000, 37, 5
3620000 , 32767, 5000, 37, 5
3640000 , 32767, 5000, 37, 5
3660000 , 32767, 5000, 37, 5
3680000 , 32767, 5000, 37, 5
3700000 , 32767, 5000, 37, 5
3720000 , 32767, 5000, 37, 5
3740000 , 32767, 5000, 37, 5
3760000 , 32767, 5000, -256, -39
3780000 , 32767, 5000, 37, 5
3800000 , 32767, 5000, 37, 5
3820000 , 32767, 5000, -256, -39
3840000 , 32767, 5000, 37, 5
3860000 , 32767, 5000, 37, 5
3880000 , 32767, 5000, 37, 5
3900000 , 32767, 5000, 37, 5
3920000 , 32767, 5000, -256, -39
3940000 , 32767, 5000, 37, 5
3960000 , 32767, 5000, -256, -39
3980000 , 32767, 5000, -256, -39
4000000 , 32767, 5000, 37, 5
4020000 , 32767, 5000, -256, -39
4040000 , 32767, 5000, 37, 5
4060000 , 32767, 5000, 37, 5
4080000 , 32767, 5000, 37, 5
4100000 , 32767, 5000, 37, 5
4120000 , 32767, 5000, 37, 5
4140000 , 32767, 5000, 37, 5
4160000 , 32767, 5000, 37, 5
4180000 , 32767, 5000, 37, 5
4200000 , 32767, 5000, 37, 5
4220000 , 32767, 5000, 37, 5
4240000 , 32767, 5000, 37, 5
4260000 , 32767, 5000, 37, 5
4280000 , 32767, 5000, 37, 5
4300000 , 32767, 5000, 37, 5
4320000 , 32767, 5000, 37, 5
4340000 , 32767, 5000, 37, 5
4360000 , 32767, 5000, 37, 5
4380000 , 32767, 5000, 37, 5
4400000 , 32767, 5000, 37, 5
4420000 , 32767, 5000, 37, 5
4440000 , 32767, 5000, 37, 5
4460000 , 32767, 5000, 37, 5
4480000 , 32767, 5000, 37, 5
4500000 , 32767, 5000, -256, -39
4520000 , 32767, 5000, -256, -39
4540000 , 32767, 5000, 37, 5
4560000 , 32767, 5000, 37, 5
4580000 , 32767, 5000, 37, 5
4600000 , 32767, 5000, 37, 5
4620000 , 32767, 5000, 37, 5
4640000 , 32767, 5000, 37, 5
4660000 , 32767, 5000, 37, 5
4680000 , 32767, 5000, 37, 5
4700000 , 32767, 5000, 37, 5
4720000 , 32767, 5000, 37, 5
4740000 , 32767, 5000, 37, 5
4760000 , 32767, 5000, 37, 5
4780000 , 32767, 5000, 37, 5
4800000 , 32767, 5000, 37, 5
4820000 , 32767, 5000, 37, 5
4840000 , 32767, 5000, 37, 5
4860000 , 32767, 5000, -256, -39
4880000 , 32767, 5000, -256, -39
4900000 , 32767, 5000, -256, -39
4920000 , 32767, 5000, 37, 5
4940000 , 32767, 5000, 37, 5
4960000 , 32767, 5000, -256, -39
4980000 , 32767, 5000, 37, 5
5000000 , 32767, 5000, -256, -39
5020000 , 32767, 5000, 37, 5
5040000 , 32767, 5000, 37, 5
5060000 , 32767, 5000, 37, 5
5080000 , 32767, 5000, 37, 5
5100000 , 32767, 5000, 37, 5
5120000 , 32767, 5000, 37, 5
5140000 , 32767, 5000, 37, 5
5160000 , 32767, 5000, 37, 5
5180000 , 32767, 5000, 37, 5
5200000 , 32767, 5000, 37, 5
5220000 , 32767, 5000, 37, 5
5240000 , 32767, 5000, 37, 5
5260000 , 32767, 5000, 37, 5
5280000 , 32767, 5000, 37, 5
5300000 , 32767, 5000, 37, 5
5320000 , 32767, 5000, -256, -39
5340000 , 32767, 5000, -256, -39
5360000 , 32767, 5000, -256, -39
5380000 , 32767, 5000, 37, 5
5400000 , 32767, 5000, 37, 5
5420000 , 32767, 5000, 37, 5
5440000 , 32767, 5000, -256, -39
5460000 , 32767, 5000, 37, 5
5480000 , 32767, 5000, -256, -39
5500000 , 32767, 5000, 37, 5
5520000 , 32767, 5000, -256, -39
5540000 , 32767, 5000, -256, -39
5560000 , 32767, 5000, 37, 5
5580000 , 32767, 5000, -256, -39
5600000 , 32767, 5000, 37, 5
5620000 , 32767, 5000, 37, 5
5640000 , 32767, 5000, 37, 5
5660000 , 32767, 5000, 37, 5
5680000 , 32767, 5000, 37, 5
5700000 , 32767, 5000, 37, 5
5720000 , 32767, 5000, 37, 5
5740000 , 32767, 5000, 37, 5
5760000 , 32767, 5000, 37, 5
5780000 , 32767, 5000, 37, 5
5800000 , 32767, 5000, 37, 5
5820000 , 32767, 5000, 37, 5
5840000 , 32767, 5000, 37, 5
5860000 , 32767, 5000, 37, 5
5880000 , 32767, 5000, -256, -39
5900000 , 32767, 5000, -256, -39
5920000 , 32767, 5000, 37, 5
5940000 , 32767, 5000, 37, 5
5960000 , 32767, 5000, 37, 5
5980000 , 32767, 5000, 37, 5
6000000 , 32767, 5000, 37, 5
6020000 , 32767, 5000, 37, 5
6040000 , 32767, 5000, 37, 5
6060000 , 32767, 5000, -256, -39
6080000 , 32767, 5000, 37, 5
6100000 , 32767, 5000, 37, 5
6120000 , 32767, 5000, 37, 5
6140000 , 32767, 5000, -256, -39
6160000 , 32767, 5000, -256, -39
6180000 , 32767, 5000, 37, 5
6200000 , 32767, 5000, 37, 5
6220000 , 32767, 5000, -256, -39
6240000 , 32767, 5000, 37, 5
6260000 , 32767, 5000, 37, 5
6280000 , 32767, 5000, -256, -39
6300000 , 32767, 5000, 37, 5
6320000 , 32767, 5000, 37, 5
6340000 , 32767, 5000, 37, 5
6360000 , 32767, 5000, -256, -39
6380000 , 32767, 5000, -256, -39
6400000 , 32767, 5000, 37, 5
6420000 , 32767, 5000, -256, -39
6440000 , 32767, 5000, 37, 5
6460000 , 32767, 5000, -256, -39
6480000 , 32767, 5000, 37, 5
6500000 , 32767, 5000, 37, 5
6520000 , 32767, 5000, 37, 5
6540000 , 32767, 5000, -256, -39
6560000 , 32767, 5000, 37, 5
6580000 , 32767, 5000, 37, 5
6600000 , 32767, 5000, 37, 5
6620000 , 32767, 5000, 37, 5
6640000 , 32767, 5000, -256, -39
6660000 , 32767, 5000, 37, 5
6680000 , 32767, 5000, 37, 5
6700000 , 32767, 5000, 37, 5
6720000 , 32767, 5000, -256, -39
6740000 , 32767, 5000, -256, -39
6760000 , 32767, 5000, 37, 5
6780000 , 32767, 5000, 37, 5
6800000 , 32767, 5000, 37, 5
6820000 , 32767, 5000, 37, 5
6840000 , 32767, 5000, 37, 5
6860000 , 32767, 5000, 37, 5
6880000 , 32767, 5000, -256, -39
6900000 , 32767, 5000, 37, 5
6920000 , 32767, 5000, 37, 5
6940000 , 32767, 5000, 37, 5
6960000 , 32767, 5000, 37, 5
6980000 , 32767, 5000, 37, 5
7000000 , 32767, 5000, 37, 5
7020000 , 32767, 5000, 37, 5
7040000 , 32767, 5000, 37, 5
7060000 , 32767, 5000, -256, -39
7080000 , 32767, 5000, 37, 5
7100000 , 32767, 5000, 37, 5
7120000 , 32767, 5000, -256, -39
7140000 , 32767, 5000, 37, 5
7160000 , 32767, 5000, 37, 5
7180000 , 32767, 5000, 37, 5
7200000 , 32767, 5000, 37, 5
7220000 , 32767, 5000, 37, 5
7240000 , 32767, 5000, 37, 5
7260000 , 32767, 5000, -256, -39
7280000 , 32767, 5000, 37, 5
7300000 , 32767, 5000, 37, 5
7320000 , 32767, 5000, 37, 5
7340000 , 32767, 5000, -256, -39
7360000 , 32767, 5000, 37, 5
7380000 , 32767, 5000, 37, 5
7400000 , 32767, 5000, -256, -39
7420000 , 32767, 5000, 37, 5
7440000 , 32767, 5000, 37, 5
7460000 , 32767, 5000, 37, 5
7480000 , 32767, 5000, 37, 5
7500000 , 32767, 5000, -256, -39
7520000 , 32767, 5000, -256, -39
7540000 , 32767, 5000, -256, -39
7560000 , 32767, 5000, -256, -39
7580000 , 32767, 5000, -256, -39
7600000 , 32767, 5000, -256, -39
7620000 , 32767, 5000, 37, 5
7640000 , 32767, 5000, -256, -39
7660000 , 32767, 5000, 37, 5
7680000 , 32767, 5000, 37, 5
7700000 , 32767, 5000, 37, 5
7720000 , 32767, 5000, 37, 5
7740000 , 32767, 5000, 37, 5
7760000 , 32767, 5000, -256, -39
7780000 , 32767, 5000, 37, 5
7800000 , 32767, 5000, 37, 5
7820000 , 32767, 5000, 37, 5
7840000 , 32767, 5000, 37, 5
7860000 , 32767, 5000, 37, 5
7880000 , 32767, 5000, -256, -39
7900000 , 32767, 5000, 37, 5
7920000 , 32767, 5000, 37, 5
7940000 , 32767, 5000, 37, 5
7960000 , 32767, 5000, -256, -39
7980000 , 32767, 5000, 37, 5
8000000 , 32767, 5000, -256, -39
8020000 , 32767, 5000, 37, 5
8040000 , 32767, 5000, 37, 5
8060000 , 32767, 5000, 37, 5
8080000 , 32767, 5000, -256, -39
8100000 , 32767, 5000, 37, 5
8120000 , 32767, 5000, 37, 5
8140000 , 32767, 5000, 37, 5
8160000 , 32767, 5000, 37, 5
8180000 , 32767, 5000, -256, -39
8200000 , 32767, 5000, 37, 5
8220000 , 32767, 5000, -256, -39
8240000 , 32767, 5000, 37, 5
8260000 , 32767, 5000, -256, -39
8280000 , 32767, 5000, -256, -39
8300000 , 32767, 5000, 37, 5
8320000 , 32767, 5000, 37, 5
8340000 , 32767, 5000, 37, 5
8360000 , 32767, 5000, 37, 5
8380000 , 32767, 5000, -256, -39
8400000 , 32767, 5000, 37, 5
8420000 , 32767, 5000, 37, 5
8440000 , 32767, 5000, 37, 5
8460000 , 32767, 5000, -256, -39
8480000 , 32767, 5000, 37, 5
8500000 , 32767, 5000, 37, 5
8520000 , 32767, 5000, 37, 5
8540000 , 32767, 5000, -256, -39
8560000 , 32767, 5000, 37, 5
8580000 , 32767, 5000, -256, -39
8600000 , 32767, 5000, 37, 5
8620000 , 32767, 5000, 37, 5
8640000 , 32767, 5000, 37, 5
8660000 , 32767, 5000, 37, 5
8680000 , 32767, 5000, 37, 5
8700000 , 32767, 5000, 37, 5
8720000 , 32767, 5000, 37, 5
8740000 , 32767, 5000, 37, 5
8760000 , 32767, 5000, 37, 5
8780000 , 32767, 5000, -256, -39
8800000 , 32767, 5000, -256, -39
8820000 , 32767, 5000, 37, 5
8840000 , 32767, 5000, 37, 5
8860000 , 32767, 5000, 37, 5
8880000 , 32767, 5000, 37, 5
8900000 , 32767, 5000, 37, 5
8920000 , 32767, 5000, 37, 5
8940000 , 32767, 5000, 37, 5
8960000 , 32767, 5000, 37, 5
8980000 , 32767, 5000, -256, -39
9000000 , 32767, 5000, 37, 5
9020000 , 32767, 5000, -256, -39
9040000 , 32767, 5000, 37, 5
9060000 , 32767, 5000, 37, 5
9080000 , 32767, 5000, 37, 5
9100000 , 32767, 5000, 37, 5
9120000 , 32767, 5000, 37, 5
9140000 , 32767, 5000, 37, 5
9160000 , 32767, 5000, 37, 5
9180000 , 32767, 5000, 37, 5
9200000 , 32767, 5000, 37, 5
9220000 , 32767, 5000, 37, 5
9240000 , 32767, 5000, 37, 5
9260000 , 32767, 5000, 37, 5
9280000 , 32767, 5000, -256, -39
9300000 , 32767, 5000, 37, 5
9320000 , 32767, 5000, 37, 5
9340000 , 32767, 5000, 37, 5
9360000 , 32767, 5000, 37, 5
9380000 , 32767, 5000, 37, 5
9400000 , 32767, 5000, 37, 5
9420000 , 32767, 5000, 37, 5
9440000 , 32767, 5000, -256, -39
9460000 , 32767, 5000, 37, 5
9480000 , 32767, 5000, 37, 5
9500000 , 32767, 5000, -256, -39
9520000 , 32767, 5000, 37, 5
9540000 , 32767, 5000, 37, 5
9560000 , 32767, 5000, 37, 5
9580000 , 32767, 5000, 37, 5
9600000 , 32767, 5000, -256, -39
9620000 , 32767, 5000, 37, 5
9640000 , 32767, 5000, 37, 5
9660000 , 32767, 5000, -256, -39
9680000 , 32767, 5000, 37, 5
9700000 , 32767, 5000, 37, 5
9720000 , 32767, 5000, 37, 5
9740000 , 32767, 5000, -256, -39
9760000 , 32767, 5000, -256, -39
9780000 , 32767, 5000, 37, 5
9800000 , 32767, 5000, -256, -39
9820000 , 32767, 5000, 37, 5
9840000 , 32767, 5000, 37, 5
9860000 , 32767, 5000, 37, 5
9880000 , 32767, 5000, -256, -39
9900000 , 32767, 5000, 37, 5
9920000 , 32767, 5000, 37, 5
9940000 , 32767, 5000, 37, 5
9960000 , 32767, 5000, 37, 5
9980000 , 32767, 5000, 37, 5
10000000 , 32767, 5000, 37, 5
10020000 , 32767, 5000, 37, 5
10040000 , 32767, 5000, 37, 5
10060000 , 32767, 5000, 37, 5
10080000 , 32767, 5000, 37, 5
10100000 , 32767, 5000, 37, 5
10120000 , 32767, 5000, 37, 5
10140000 , 32767, 5000, 37, 5
10160000 , 32767, 5000, 37, 5
10180000 , 32767, 5000, 37, 5
10200000 , 32767, 5000, 37, 5
10220000 , 32767, 5000, 37, 5
10240000 , 32767, 5000, 37, 5
10260000 , 32767, 5000, 37, 5
10280000 , 32767, 5000, 37, 5
10300000 , 32767, 5000, 37, 5
10320000 , 32767, 5000, 37, 5
10340000 , 32767, 5000, 37, 5
10360000 , 32767, 5000, -256, -39
10380000 , 32767, 5000, 37, 5
10400000 , 32767, 5000, 37, 5
10420000 , 32767, 5000, 37, 5
10440000 , 32767, 5000, 37, 5
10460000 , 32767, 5000, 37, 5
10480000 , 32767, 5000, 37, 5
10500000 , 32767, 5000, 37, 5
10520000 , 32767, 5000, 37, 5
10540000 , 32767, 5000, 37, 5
10560000 , 32767, 5000, 37, 5
10580000 , 32767, 5000, 37, 5
10600000 , 32767, 5000, 37, 5
10620000 , 32767, 5000, 37, 5
10640000 , 32767, 5000, -256, -39
10660000 , 32767, 5000, 37, 5
10680000 , 32767, 5000, -256, -39
10700000 , 32767, 5000, 37, 5
10720000 , 32767, 5000, 37, 5
10740000 , 32767, 5000, 37, 5
10760000 , 32767, 5000, 37, 5
10780000 , 32767, 5000, 37, 5
10800000 , 32767, 5000, 37, 5
10820000 , 32767, 5000, 37, 5
10840000 , 32767, 5000, 37, 5
10860000 , 32767, 5000, 37, 5
10880000 , 32767, 5000, 37, 5
10900000 , 32767, 5000, 37, 5
10920000 , 32767, 5000, -256, -39
10940000 , 32767, 5000, 37, 5
10960000 , 32767, 5000, 37, 5
10980000 , 32767, 5000, -256, -39
11000000 , 32767, 5000, 37, 5
11020000 , 32767, 5000, 37, 5
11040000 , 32767, 5000, 37, 5
11060000 , 32767, 5000, 37, 5
11080000 , 32767, 5000, 37, 5
11100000 , 32767, 5000, 37, 5
11120000 , 32767, 5000, -256, -39
11140000 , 32767, 5000, 37, 5
11160000 , 32767, 5000, 37, 5
11180000 , 32767, 5000, 37, 5
11200000 , 32767, 5000, 37, 5
11220000 , 32767, 5000, 37, 5
11240000 , 32767, 5000, 37, 5
11260000 , 32767, 5000, 37, 5
11280000 , 32767, 5000, 37, 5
11300000 , 32767, 5000, 37, 5
11320000 , 32767, 5000, -256, -39
11340000 , 32767, 5000, 37, 5
11360000 , 32767, 5000, 37, 5
11380000 , 32767, 5000, 37, 5
11400000 , 32767, 5000, -256, -39
11420000 , 32767, 5000, -256, -39
11440000 , 32767, 5000, 37, 5
11460000 , 32767, 5000, 37, 5
11480000 , 32767, 5000, 37, 5
11500000 , 32767, 5000, 37, 5
11520000 , 32767, 5000, -256, -39
11540000 , 32767, 5000, 37, 5
11560000 , 32767, 5000, 37, 5
11580000 , 32767, 5000, -256, -39
11600000 , 32767, 5000, -256, -39
11620000 , 32767, 5000, 37, 5
11640000 , 32767, 5000, 37, 5
11660000 , 32767, 5000, 37, 5
11680000 , 32767, 5000, 37, 5
11700000 , 32767, 5000, 37, 5
11720000 , 32767, 5000, 37, 5
11740000 , 32767, 5000, -256, -39
11760000 , 32767, 5000, 37, 5
11780000 , 32767, 5000, 37, 5
11800000 , 32767, 5000, 37, 5
11820000 , 32767, 5000, -256, -39
11840000 , 32767, 5000, -256, -39
11860000 , 32767, 5000, 37, 5
11880000 , 32767, 5000, 37, 5
11900000 , 32767, 5000, 37, 5
11920000 , 32767, 5000, 37, 5
11940000 , 32767, 5000, 37, 5
11960000 , 32767, 5000, 37, 5
11980000 , 32767, 5000, 37, 5
12000000 , 32767, 5000, 37, 5
12020000 , 32767, 5000, 37, 5
12040000 , 32767, 5000, 37, 5
12060000 , 32767, 5000, 37, 5
12080000 , 32767, 5000, 37, 5
12100000 , 32767, 5000, 37, 5
12120000 , 32767, 5000, 37, 5
12140000 , 32767, 5000, 37, 5
12160000 , 32767, 5000, 37, 5
12180000 , 32767, 5000, 37, 5
12200000 , 32767, 5000, -256, -39
12220000 , 32767, 5000, 37, 5
12240000 , 32767, 5000, 37, 5
12260000 , 32767, 5000, 37, 5
12280000 , 32767, 5000, 37, 5
12300000 , 32767, 5000, 37, 5
12320000 , 32767, 5000, -256, -39
12340000 , 32767, 5000, 37, 5
12360000 , 32767, 5000, 37, 5
12380000 , 32767, 5000, -256, -39
12400000 , 32767, 5000, 37, 5
12420000 , 32767, 5000, 37, 5
12440000 , 32767, 5000, 37, 5
12460000 , 32767, 5000, 37, 5
12480000 , 32767, 5000, 37, 5
12500000 , 32767, 5000, 37, 5
12520000 , 32767, 5000, 37, 5
12540000 , 32767, 5000, 37, 5
12560000 , 32767, 5000, -256, -39
12580000 , 32767, 5000, -256, -39
12600000 , 32767, 5000, -256, -39
12620000 , 32767, 5000, 37, 5
12640000 , 32767, 5000, -256, -39
12660000 , 32767, 5000, 37, 5
12680000 , 32767, 5000, 37, 5
12700000 , 32767, 5000, 37, 5
12720000 , 32767, 5000, 37, 5
12740000 , 32767, 5000, 37, 5
12760000 , 32767, 5000, -256, -39
12780000 , 32767, 5000, -256, -39
12800000 , 32767, 5000, -256, -39
12820000 , 32767, 5000, 37, 5
12840000 , 32767, 5000, 37, 5
12860000 , 32767, 5000, 37, 5
12880000 , 32767, 5000, 37, 5
12900000 , 32767, 5000, 37, 5
12920000 , 32767, 5000, 37, 5
12940000 , 32767, 5000, 37, 5
12960000 , 32767, 5000, 37, 5
12980000 , 32767, 5000, 37, 5
13000000 , 32767, 5000, 37, 5
13020000 , 32767, 5000, -256, -39
13040000 , 32767, 5000, 37, 5
13060000 , 32767, 5000, -256, -39
13080000 , 32767, 5000, 37, 5
13100000 , 32767, 5000, 37, 5
13120000 , 32767, 5000, 37, 5
13140000 , 32767, 5000, 37, 5
13160000 , 32767, 5000, -256, -39
13180000 , 32767, 5000, 37, 5
13200000 , 32767, 5000, 37, 5
13220000 , 32767, 5000, -256, -39
13240000 , 32767, 5000, 37, 5
13260000 , 32767, 5000, 37, 5
13280000 , 32767, 5000, 37, 5
13300000 , 32767, 5000, 37, 5
13320000 , 32767, 5000, 37, 5
13340000 , 32767, 5000, -256, -39
13360000 , 32767, 5000, 37, 5
13380000 , 32767, 5000, 37, 5
13400000 , 32767, 5000, 37, 5
13420000 , 32767, 5000, 37, 5
13440000 , 32767, 5000, 37, 5
13460000 , 32767, 5000, 37, 5
13480000 , 32767, 5000, 37, 5
13500000 , 32767, 5000, 37, 5
13520000 , 32767, 5000, 37, 5
13540000 , 32767, 5000, 37, 5
13560000 , 32767, 5000, 37, 5
13580000 , 32767, 5000, 37, 5
13600000 , 32767, 5000, 37, 5
13620000 , 32767, 5000, 37, 5
13640000 , 32767, 5000, 37, 5
13660000 , 32767, 5000, -256, -39
13680000 , 32767, 5000, -256, -39
13700000 , 32767, 5000, 37, 5
13720000 , 32767, 5000, -256, -39
13740000 , 32767, 5000, 37, 5
13760000 , 32767, 5000, 37, 5
13780000 , 32767, 5000, 37, 5
13800000 , 32767, 5000, -256, -39
13820000 , 32767, 5000, 37, 5
13840000 , 32767, 5000, -256, -39
13860000 , 32767, 5000, 37, 5
13880000 , 32767, 5000, 37, 5
13900000 , 32767, 5000, 37, 5
13920000 , 32767, 5000, 37, 5
13940000 , 32767, 5000, 37, 5
13960000 , 32767, 5000, 37, 5
13980000 , 32767, 5000, -256, -39
14000000 , 32767, 5000, 37, 5
14020000 , 32767, 5000, 37, 5
14040000 , 32767, 5000, -256, -39
14060000 , 32767, 5000, 37, 5
14080000 , 32767, 5000, -256, -39
14100000 , 32767, 5000, 37, 5
14120000 , 32767, 5000, 37, 5
14140000 , 32767, 5000, 37, 5
14160000 , 32767, 5000, 37, 5
14180000 , 32767, 5000, -256, -39
14200000 , 32767, 5000, 37, 5
14220000 , 32767, 5000, 37, 5
14240000 , 32767, 5000, 37, 5
14260000 , 32767, 5000, 37, 5
14280000 , 32767, 5000, 37, 5
14300000 , 32767, 5000, 37, 5
14320000 , 32767, 5000, 37, 5
14340000 , 32767, 5000, 37, 5
14360000 , 32767, 5000, 37, 5
14380000 , 32767, 5000, 37, 5
14400000 , 32767, 5000, 37, 5
14420000 , 32767, 5000, 37, 5
14440000 , 32767, 5000, 37, 5
14460000 , 32767, 5000, 37, 5
14480000 , 32767, 5000, 37, 5
14500000 , 32767, 5000, -256, -39
14520000 , 32767, 5000, 37, 5
14540000 , 32767, 5000, 37, 5
14560000 , 32767, 5000, 37, 5
14580000 , 32767, 5000, 37, 5
14600000 , 32767, 5000, 37, 5
14620000 , 32767, 5000, -256, -39
14640000 , 32767, 5000, -256, -39
14660000 , 32767, 5000, 37, 5
14680000 , 32767, 5000, 37, 5
14700000 , 32767, 5000, 37, 5
14720000 , 32767, 5000, 37, 5
14740000 , 32767, 5000, 37, 5
14760000 , 32767, 5000, 37, 5
14780000 , 32767, 5000, 37, 5
14800000 , 32767, 5000, -256, -39
14820000 , 32767, 5000, 37, 5
14840000 , 32767, 5000, 37, 5
14860000 , 32767, 5000, 37, 5
14880000 , 32767, 5000, 37, 5
14900000 , 32767, 5000, 37, 5
14920000 , 32767, 5000, 37, 5
14940000 , 32767, 5000, 37, 5
14960000 , 32767, 5000, 37, 5
14980000 , 32767, 5000, 37, 5
15000000 , 32767, 5000, 37, 5
15020000 , 32767, 5000, -256, -39
15040000 , 32767, 5000, -256, -39
15060000 , 32767, 5000, -256, -39
15080000 , 32767, 5000, 37, 5
15100000 , 32767, 5000, -256, -39
15120000 , 32767, 5000, 37, 5
15140000 , 32767, 5000, 37, 5
15160000 , 32767, 5000, 37, 5
15180000 , 32767, 5000, 37, 5
15200000 , 32767, 5000, -256, -39
15220000 , 32767, 5000, 37, 5
15240000 , 32767, 5000, 37, 5
15260000 , 32767, 5000, 37, 5
15280000 , 32767, 5000, 37, 5
15300000 , 32767, 5000, 37, 5
15320000 , 32767, 5000, -256, -39
15340000 , 32767, 5000, 37, 5
15360000 , 32767, 5000, 37, 5
15380000 , 32767, 5000, 37, 5
15400000 , 32767, 5000, 37, 5
15420000 , 32767, 5000, 37, 5
15440000 , 32767, 5000, 37, 5
15460000 , 32767, 5000, 37, 5
15480000 , 32767, 5000, 37, 5
15500000 , 32767, 5000, -256, -39
15520000 , 32767, 5000, -256, -39
15540000 , 32767, 5000, 37, 5
15560000 , 32767, 5000, 37, 5
15580000 , 32767, 5000, 37, 5
15600000 , 32767, 5000, -256, -39
15620000 , 32767, 5000, 37, 5
15640000 , 32767, 5000, -256, -39
15660000 , 32767, 5000, 37, 5
15680000 , 32767, 5000, 37, 5
15700000 , 32767, 5000, 37, 5
15720000 , 32767, 5000, 37, 5
15740000 , 32767, 5000, 37, 5
15760000 , 32767, 5000, -256, -39
15780000 , 32767, 5000, 37, 5
15800000 , 32767, 5000, 37, 5
15820000 , 32767, 5000, 37, 5
15840000 , 32767, 5000, 37, 5
15860000 , 32767, 5000, 37, 5
15880000 , 32767, 5000, 37, 5
15900000 , 32767, 5000, -256, -39
15920000 , 32767, 5000, 37, 5
15940000 , 32767, 5000, -256, -39
15960000 , 32767, 5000, 37, 5
15980000 , 32767, 5000, 37, 5
16000000 , 32767, 5000, 37, 5
16020000 , 32767, 5000, 37, 5
16040000 , 32767, 5000, -256, -39
16060000 , 32767, 5000, 37, 5
16080000 , 32767, 5000, -256, -39
16100000 , 32767, 5000, 37, 5
16120000 , 32767, 5000, 37, 5
16140000 , 32767, 5000, 37, 5
16160000 , 32767, 5000, 37, 5
16180000 , 32767, 5000, 37, 5
16200000 , 32767, 5000, 37, 5
16220000 , 32767, 5000, 37, 5
16240000 , 32767, 5000, 37, 5
16260000 , 32767, 5000, 37, 5
16280000 , 32767, 5000, 37, 5
16300000 , 32767, 5000, 37, 5
16320000 , 32767, 5000, 37, 5
16340000 , 32767, 5000, 37, 5
16360000 , 32767, 5000, 37, 5
16380000 , 32767, 5000, -256, -39
16400000 , 32767, 5000, 37, 5
16420000 , 32767, 5000, 37, 5
16440000 , 32767, 5000, 37, 5
16460000 , 32767, 5000, -256, -39
16480000 , 32767, 5000, -256, -39
16500000 , 32767, 5000, 37, 5
16520000 , 32767, 5000, 37, 5
16540000 , 32767, 5000, 37, 5
16560000 , 32767, 5000, 37, 5
16580000 , 32767, 5000, 37, 5
16600000 , 32767, 5000, 37, 5
16620000 , 32767, 5000, 37, 5
16640000 , 32767, 5000, 37, 5
16660000 , 32767, 5000, 37, 5
16680000 , 32767, 5000, 37, 5
16700000 , 32767, 5000, 37, 5
16720000 , 32767, 5000, 37, 5
16740000 , 32767, 5000, 37, 5
16760000 , 32767, 5000, 37, 5
16780000 , 32767, 5000, 37, 5
16800000 , 32767, 5000, -256, -39
16820000 , 32767, 5000, 37, 5
16840000 , 32767, 5000, 37, 5
16860000 , 32767, 5000, 37, 5
16880000 , 32767, 5000, 37, 5
16900000 , 32767, 5000, -256, -39
16920000 , 32767, 5000, 37, 5
16940000 , 32767, 5000, 37, 5
16960000 , 32767, 5000, 37, 5
16980000 , 32767, 5000, 37, 5
17000000 , 32767, 5000, 37, 5
17020000 , 32767, 5000, 37, 5
17040000 , 32767, 5000, 37, 5
17060000 , 32767, 5000, 37, 5
17080000 , 32767, 5000, -256, -39
17100000 , 32767, 5000, -256, -39
17120000 , 32767, 5000, 37, 5
17140000 , 32767, 5000, 37, 5
17160000 , 32767, 5000, -256, -39
17180000 , 32767, 5000, 37, 5
17200000 , 32767, 5000, 37, 5
17220000 , 32767, 5000, -256, -39
17240000 , 32767, 5000, 37, 5
17260000 , 32767, 5000, 37, 5
17280000 , 32767, 5000, 37, 5
17300000 , 32767, 5000, -256, -39
17320000 , 32767, 5000, -256, -39
17340000 , 32767, 5000, 37, 5
17360000 , 32767, 5000, -256, -39
17380000 , 32767, 5000, 37, 5
17400000 , 32767, 5000, -256, -39
17420000 , 32767, 5000, 37, 5
17440000 , 32767, 5000, 37, 5
17460000 , 32767, 5000, -256, -39
17480000 , 32767, 5000, 37, 5
17500000 , 32767, 5000, 37, 5
17520000 , 32767, 5000, -256, -39
17540000 , 32767, 5000, 37, 5
17560000 , 32767, 5000, 37, 5
17580000 , 32767, 5000, 37, 5
17600000 , 32767, 5000, 37, 5
17620000 , 32767, 5000, 37, 5
17640000 , 32767, 5000, 37, 5
17660000 , 32767, 5000, 37, 5
17680000 , 32767, 5000, 37, 5
17700000 , 32767, 5000, 37, 5
17720000 , 32767, 5000, 37, 5
17740000 , 32767, 5000, 37, 5
17760000 , 32767, 5000, 37, 5
17780000 , 32767, 5000, 37, 5
17800000 , 32767, 5000, 37, 5
17820000 , 32767, 5000, 37, 5
17840000 , 32767, 5000, 37, 5
17860000 , 32767, 5000, 37, 5
17880000 , 32767, 5000, -256, -39
17900000 , 32767, 5000, 37, 5
17920000 , 32767, 5000, 37, 5
17940000 , 32767, 5000, 37, 5
17960000 , 32767, 5000, 37, 5
17980000 , 32767, 5000, 37, 5
18000000 , 32767, 5000, 37, 5
18020000 , 32767, 5000, 37, 5
18040000 , 32767, 5000, 37, 5
18060000 , 32767, 5000, -256, -39
18080000 , 32767, 5000, 37, 5
18100000 , 32767, 5000, 37, 5
18120000 , 32767, 5000, -256, -39
18140000 , 32767, 5000, 37, 5
18160000 , 32767, 5000, 37, 5
18180000 , 32767, 5000, 37, 5
18200000 , 32767, 5000, 37, 5
18220000 , 32767, 5000, 37, 5
18240000 , 32767, 5000, 37, 5
18260000 , 32767, 5000, 37, 5
18280000 , 32767, 5000, 37, 5
18300000 , 32767, 5000, 37, 5
18320000 , 32767, 5000, -256, -39
18340000 , 32767, 5000, 37, 5
18360000 , 32767, 5000, 37, 5
18380000 , 32767, 5000, 37, 5
18400000 , 32767, 5000, 37, 5
18420000 , 32767, 5000, 37, 5
18440000 , 32767, 5000, 37, 5
18460000 , 32767, 5000, 37, 5
18480000 , 32767, 5000, 37, 5
18500000 , 32767, 5000, 37, 5
18520000 , 32767, 5000, 37, 5
18540000 , 32767, 5000, 37, 5
18560000 , 32767, 5000, 37, 5
18580000 , 32767, 5000, 37, 5
18600000 , 32767, 5000, 37, 5
18620000 , 32767, 5000, 37, 5
18640000 , 32767, 5000, 37, 5
18660000 , 32767, 5000, 37, 5
18680000 , 32767, 5000, 37, 5
18700000 , 32767, 5000, 37, 5
18720000 , 32767, 5000, 37, 5
18740000 , 32767, 5000, 37, 5
18760000 , 32767, 5000, 37, 5
18780000 , 32767, 5000, 37, 5
18800000 , 32767, 5000, 37, 5
18820000 , 32767, 5000, 37, 5
18840000 , 32767, 5000, 37, 5
18860000 , 32767, 5000, 37, 5
18880000 , 32767, 5000, 37, 5
18900000 , 32767, 5000, 37, 5
18920000 , 32767, 5000, 37, 5
18940000 , 32767, 5000, -256, -39
18960000 , 32767, 5000, 37, 5
18980000 , 32767, 5000, 37, 5
19000000 , 32767, 5000, 37, 5
19020000 , 32767, 5000, 37, 5
19040000 , 32767, 5000, -256, -39
19060000 , 32767, 5000, 37, 5
19080000 , 32767, 5000, 37, 5
19100000 , 32767, 5000, 37, 5
19120000 , 32767, 5000, 37, 5
19140000 , 32767, 5000, 37, 5
19160000 , 32767, 5000, 37, 5
19180000 , 32767, 5000, 37, 5
19200000 , 32767, 5000, 37, 5
19220000 , 32767, 5000, -256, -39
19240000 , 32767, 5000, -256, -39
19260000 , 32767, 5000, -256, -39
19280000 , 32767, 5000, 37, 5
19300000 , 32767, 5000, -256, -39
19320000 , 32767, 5000, 37, 5
19340000 , 32767, 5000, 37, 5
19360000 , 32767, 5000, 37, 5
19380000 , 32767, 5000, 37, 5
19400000 , 32767, 5000, -256, -39
19420000 , 32767, 5000, -256, -39
19440000 , 32767, 5000, 37, 5
19460000 , 32767, 5000, -256, -39
19480000 , 32767, 5000, 37, 5
19500000 , 32767, 5000, 37, 5
19520000 , 32767, 5000, 37, 5
19540000 , 32767, 5000, 37, 5
19560000 , 32767, 5000, 37, 5
19580000 , 32767, 5000, 37, 5
19600000 , 32767, 5000, 37, 5
19620000 , 32767, 5000, -256, -39
19640000 , 32767, 5000, 37, 5
19660000 , 32767, 5000, 37, 5
19680000 , 32767, 5000, 37, 5
19700000 , 32767, 5000, 37, 5
19720000 , 32767, 5000, 37, 5
19740000 , 32767, 5000, 37, 5
19760000 , 32767, 5000, 37, 5
19780000 , 32767, 5000, -256, -39
19800000 , 32767, 5000, -256, -39
19820000 , 32767, 5000, 37, 5
19840000 , 32767, 5000, 37, 5
19860000 , 32767, 5000, 37, 5
19880000 , 32767, 5000, -256, -39
19900000 , 32767, 5000, 37, 5
19920000 , 32767, 5000, 37, 5
19940000 , 32767, 5000, -256, -39
19960000 , 32767, 5000, 37, 5
19980000 , 32767, 5000, 37, 5
20000000 , 32767, 5000, 37, 5
20020000 , 32767, 5000, 37, 5
20040000 , 32767, 5000, 37, 5
20060000 , 32767, 5000, -256, -39
20080000 , 32767, 5000, -256, -39
20100000 , 32767, 5000, 37, 5
20120000 , 32767, 5000, -256, -39
20140000 , 32767, 5000, -256, -39
20160000 , 32767, 5000, 37, 5
20180000 , 32767, 5000, -256, -39
20200000 , 32767, 5000, 37, 5
20220000 , 32767, 5000, 37, 5
20240000 , 32767, 5000, 37, 5
20260000 , 32767, 5000, -256, -39
20280000 , 32767, 5000, 37, 5
20300000 , 32767, 5000, 37, 5
20320000 , 32767, 5000, 37, 5
20340000 , 32767, 5000, 37, 5
20360000 , 32767, 5000, 37, 5
20380000 , 32767, 5000, 37, 5
20400000 , 32767, 5000, 37, 5
20420000 , 32767, 5000, 37, 5
20440000 , 32767, 5000, 37, 5
20460000 , 32767, 5000, -256, -39
